OLD
100 
108 
111 
151 
231 
343 
357 
441 
483 
514 
524 
540 
558 
562 
571 
574 
575 
612 
673 
674 
732 
820 
920 
929 
978 
989 
1203 
1230 
1262 
1482 
10003 
10004 
10023 
10048 
10066 
10078 
10107 
10130 
10139 
10158 
10165 
10168 
10177 
10189 
10194 
10226 
10245 
10263 
10304 
10305 
10327 
10341 
10363 
10385 
10394 
10404 
10405 
10480 
10496 
10557 
10600 
10684 
10689 
10787 
10858 
10918 
10935 
10954 
11057 
11080 
11085 
11100 
11149 
11157 
11172 
11264 
11292 
11311 
11380 
11396 
11402 
11462 
11498 
11504 
11516 
11559 
11631 
11690 
11714 
11727 
11747 
11799 
11988 
12032 
12532 
12799 
13271 
13272 
13273 
13274 
13275 
13276 
13278 
13279